0 3.23
100 6.14
200 3.91
300 0.56
400 7.56
500 2.82
600 2.21
700 3.42
800 2.96
900 5.67
1000 4.38
1100 5.7
1200 6.01
1300 5.49
1400 5.61
1500 6.22
1600 7.07
1700 9.7
1800 5.48
1900 3.3
2000 5.2
2100 3.47
2200 1.69
2300 5.93
2400 1.4
2500 5.15
2600 4.87
2700 13.61
2800 7.98
2900 2.93
3000 3.6
3100 1.47
3200 2.29
3300 1.21
3400 1.73
3500 0.13
3600 0.54
3700 0.38
3800 0.14
3900 7.05
4000 3.19
4100 2.2
4200 3.18
4300 0.41
4400 0.24
4500 4.47
4600 6.0
4700 17.43
4800 2.6
4900 18.93
5000 8.79
5100 17.75
5200 24.07
5300 28.44
5400 4.19
5500 26.67
5600 24.9
5700 13.52
5800 22.25
5900 19.87
6000 22.0
6100 9.59
6200 6.38
6300 8.02
6400 7.26
6500 8.7
6600 7.81
6700 1.93
6800 5.06
6900 9.33
7000 13.48
7100 25.91
7200 20.63
7300 23.14
7400 27.55
7500 21.73
7600 29.13
7700 22.85
7800 25.34
7900 28.17
8000 24.44
8100 26.57
8200 28.58
8300 19.97
8400 23.5
8500 26.43
8600 25.01
8700 27.59
8800 23.09
8900 20.23
9000 26.45
9100 15.52
9200 26.46
9300 14.96
9400 23.5
9500 25.84
9600 30.05
9700 25.75
9800 21.2
9900 26.91
